[gd_scene load_steps=6 format=3 uid="uid://dbdeymgceovl5"]

[ext_resource type="Script" path="res://arena/arena.gd" id="1_ahysj"]
[ext_resource type="PackedScene" uid="uid://blalfjvqi78v5" path="res://mech/mech_actor.tscn" id="2_ad8rd"]

[sub_resource type="StandardMaterial3D" id="StandardMaterial3D_4bslk"]
albedo_color = Color(0, 0.2, 0, 1)

[sub_resource type="PlaneMesh" id="PlaneMesh_kgq84"]
material = SubResource("StandardMaterial3D_4bslk")
size = Vector2(20, 20)

[sub_resource type="BoxShape3D" id="BoxShape3D_xfexv"]
size = Vector3(20, 0.5, 20)

[node name="Arena" type="Node3D"]
script = ExtResource("1_ahysj")

[node name="StaticBody3D" type="StaticBody3D" parent="."]

[node name="MeshInstance3D" type="MeshInstance3D" parent="StaticBody3D"]
mesh = SubResource("PlaneMesh_kgq84")

[node name="CollisionShape3D" type="CollisionShape3D" parent="StaticBody3D"]
transform = Transform3D(1, 0, 0, 0, 1, 0, 0, 0, 1, 0, -0.25, 0)
shape = SubResource("BoxShape3D_xfexv")

[node name="ArenaCam" type="Node3D" parent="."]
transform = Transform3D(0.707107, 0, 0.707107, 0, 1, 0, -0.707107, 0, 0.707107, 0, 0, 0)

[node name="CamPitch" type="Node3D" parent="ArenaCam"]
transform = Transform3D(1, 0, 0, 0, 0.866025, 0.5, 0, -0.5, 0.866025, 0, 0, 0)

[node name="Camera3D" type="Camera3D" parent="ArenaCam/CamPitch"]
transform = Transform3D(1, 0, 0, 0, 1, 0, 0, 0, 1, 0, 0, 10)
projection = 1
size = 10.0

[node name="Mechs" type="Node3D" parent="."]

[node name="MechActor" parent="Mechs" instance=ExtResource("2_ad8rd")]
transform = Transform3D(-4.37114e-08, 0, 1, 0, 1, 0, -1, 0, -4.37114e-08, 5, 0, 0)

[node name="MechActor2" parent="Mechs" instance=ExtResource("2_ad8rd")]
transform = Transform3D(1.31134e-07, 0, -1, 0, 1, 0, 1, 0, 1.31134e-07, -5, 0, 0)

[node name="DirectionalLight3D" type="DirectionalLight3D" parent="."]
transform = Transform3D(1, 0, 0, 0, 0.707107, 0.707107, 0, -0.707107, 0.707107, 0, 6, 0)
